# frame, x, y
000,136,006
000,050,036
000,013,039
000,258,042
000,085,069
000,045,083
000,233,086
000,156,087
000,114,096
000,249,106
000,125,117
000,216,121
000,090,137
000,225,144
000,198,187
000,403,219
000,151,226
000,035,230
000,135,241
000,434,249
000,105,254
000,199,263
000,321,275
000,074,276
000,180,289
000,047,299
000,252,332
000,399,335
000,362,353
000,417,357
000,260,359
000,043,366
000,200,380
000,388,381
000,012,387
000,346,389
000,032,393
000,220,396
000,305,397
000,407,418
000,073,431
000,238,452
000,365,457
000,279,460
000,210,476
000,422,478
000,255,482
000,361,486
000,247,496
001,137,006
001,050,037
001,014,038
001,258,040
001,086,068
001,044,082
001,156,087
001,234,086
001,115,095
001,250,106
001,125,117
001,217,121
001,090,137
001,225,143
001,199,186
001,401,219
001,152,225
001,036,230
001,137,240
001,433,249
001,105,254
001,200,263
001,321,274
001,073,276
001,180,288
001,048,299
001,253,332
001,399,333
001,362,354
001,417,356
001,262,359
001,043,368
001,198,381
001,388,380
001,014,387
001,347,390
001,035,392
001,038,392
001,219,395
001,307,397
001,407,418
001,073,430
001,239,451
001,366,458
001,282,460
001,210,475
001,423,477
001,241,482
001,254,482
001,361,484
001,248,497
002,137,008
002,015,039
002,050,038
002,258,041
002,086,070
002,042,083
002,235,085
002,156,090
002,115,096
002,251,106
002,123,117
002,217,124
002,089,137
002,226,142
002,198,188
002,398,221
002,152,226
002,036,230
002,135,241
002,432,249
002,104,256
002,200,265
002,072,277
002,321,276
002,179,288
002,048,300
002,253,332
002,397,334
002,361,355
002,416,358
002,262,360
002,040,370
002,387,381
002,194,382
002,012,389
002,348,393
002,035,394
002,308,395
002,219,396
002,407,421
002,072,431
002,239,452
002,284,463
002,365,462
002,209,474
002,423,478
002,240,483
002,254,483
002,361,487
002,247,498
003,139,007
003,050,037
003,015,038
003,259,041
003,086,068
003,044,083
003,235,084
003,155,090
003,115,094
003,250,105
003,124,116
003,216,125
003,089,137
003,225,141
003,197,187
003,396,221
003,152,226
003,036,230
003,134,240
003,434,248
003,103,256
003,199,265
003,321,275
003,070,276
003,326,285
003,178,287
003,046,299
003,253,331
003,396,333
003,360,354
003,413,356
003,261,360
003,039,370
003,191,381
003,386,381
003,010,389
003,046,391
003,219,393
003,348,392
003,311,394
003,407,421
003,072,432
003,240,452
003,285,463
003,365,463
003,208,472
003,423,476
003,240,481
003,254,482
003,361,486
003,248,498
004,140,008
004,017,039
004,050,038
004,259,040
004,085,070
004,045,084
004,236,085
004,155,092
004,116,094
004,251,106
004,124,117
004,216,127
004,089,137
004,226,139
004,200,182
004,391,224
004,153,226
004,036,231
004,134,242
004,436,247
004,102,256
004,199,265
004,319,275
004,071,276
004,327,286
004,178,288
004,049,301
004,253,332
004,397,334
004,413,357
004,358,358
004,261,361
004,038,372
004,189,382
004,387,382
004,221,388
004,010,391
004,051,390
004,313,392
004,348,393
004,408,424
004,070,432
004,241,450
004,288,464
004,365,465
004,207,470
004,422,477
004,241,481
004,254,481
004,362,487
004,248,497
005,143,009
005,017,038
005,259,038
005,050,040
005,085,074
005,045,084
005,236,085
005,117,093
005,154,093
005,250,105
005,123,117
005,215,127
005,087,138
005,227,138
005,208,171
005,154,225
005,388,227
005,035,230
005,134,241
005,434,248
005,100,258
005,199,265
005,067,274
005,318,275
005,177,287
005,050,300
005,254,331
005,396,334
005,412,357
005,261,359
005,358,358
005,216,371
005,038,374
005,187,382
005,387,383
005,221,387
005,048,391
005,009,392
005,314,392
005,348,393
005,408,425
005,068,432
005,242,449
005,365,464
005,291,466
005,208,468
005,421,476
005,241,480
005,255,481
005,362,487
005,247,499
006,146,009
006,258,036
006,020,038
006,050,041
006,084,074
006,043,083
006,236,086
006,116,091
006,152,093
006,250,104
006,123,116
006,214,127
006,087,138
006,226,138
006,212,166
006,155,224
006,389,228
006,036,230
006,132,243
006,431,248
006,099,258
006,199,266
006,066,273
006,318,275
006,177,287
006,327,286
006,049,300
006,254,331
006,397,334
006,411,357
006,261,359
006,358,359
006,222,368
006,037,374
006,185,382
006,223,384
006,386,384
006,050,390
006,008,393
006,316,393
006,349,393
006,408,425
006,068,432
006,241,448
006,366,463
006,296,467
006,206,468
006,423,477
006,240,478
006,255,480
006,362,486
006,246,499
007,149,009
007,258,037
007,020,039
007,051,043
007,084,076
007,045,084
007,236,086
007,118,089
007,151,094
007,250,105
007,121,118
007,215,130
007,085,138
007,227,138
007,213,166
007,156,224
007,386,229
007,036,230
007,132,243
007,433,247
007,098,259
007,198,267
007,065,272
007,317,275
007,327,285
007,177,288
007,051,301
007,253,332
007,396,334
007,409,357
007,358,359
007,262,360
007,223,369
007,036,375
007,183,382
007,226,382
007,386,386
007,050,390
007,317,393
007,349,392
007,009,394
007,407,427
007,067,433
007,236,445
007,366,463
007,206,464
007,305,472
007,240,477
007,421,479
007,255,481
007,362,486
007,246,501
008,152,008
008,259,035
008,018,037
008,051,043
008,084,077
008,045,084
008,237,084
008,117,089
008,151,096
008,250,105
008,119,117
008,214,131
008,085,138
008,226,138
008,213,166
008,156,224
008,036,229
008,387,229
008,132,243
008,427,250
008,097,258
008,198,266
008,062,270
008,317,274
008,327,285
008,177,287
008,046,299
008,253,332
008,396,333
008,408,356
008,262,358
008,358,359
008,036,376
008,232,379
008,181,381
008,387,386
008,052,390
008,317,391
008,350,392
008,008,395
008,407,426
008,066,433
008,236,442
008,366,461
008,205,464
008,306,473
008,240,479
008,258,479
008,423,479
008,362,484
008,246,502
009,155,010
009,259,034
009,023,038
009,052,046
009,085,079
009,044,084
009,235,086
009,117,088
009,150,098
009,250,105
009,118,117
009,214,135
009,084,139
009,227,140
009,218,164
009,157,224
009,036,228
009,385,231
009,132,243
009,428,250
009,097,259
009,199,266
009,062,269
009,316,274
009,326,284
009,178,287
009,051,300
009,253,332
009,396,332
009,407,356
009,264,358
009,358,359
009,036,377
009,239,379
009,180,381
009,387,387
009,055,390
009,319,392
009,351,392
009,011,396
009,408,427
009,065,432
009,236,441
009,367,460
009,205,462
009,308,473
009,240,479
009,258,480
009,425,480
009,363,484
009,245,506
010,159,010
010,259,034
010,024,038
010,052,048
010,084,078
010,044,085
010,234,087
010,117,089
010,148,099
010,249,106
010,117,118
010,213,139
010,084,140
010,220,163
010,156,224
010,035,228
010,384,230
010,131,244
010,425,251
010,096,259
010,198,267
010,060,268
010,316,274
010,326,285
010,178,287
010,050,300
010,395,331
010,252,332
010,405,354
010,262,358
010,359,360
010,035,376
010,242,377
010,177,380
010,056,390
010,386,390
010,319,392
010,351,393
010,005,400
010,407,428
010,063,433
010,236,441
010,366,460
010,204,463
010,309,474
010,240,478
010,260,481
010,424,480
010,365,487
011,162,010
011,259,033
011,026,037
011,052,048
011,085,079
011,043,083
011,118,087
011,234,086
011,148,099
011,249,105
011,116,118
011,214,139
011,084,140
011,222,160
011,156,223
011,035,227
011,383,230
011,130,243
011,427,249
011,095,259
011,198,266
011,059,268
011,315,273
011,327,284
011,178,287
011,050,300
011,395,330
011,251,332
011,405,353
011,263,357
011,358,360
011,248,374
011,034,377
011,175,380
011,057,389
011,322,391
011,351,391
011,386,390
011,008,397
011,408,427
011,063,432
011,236,438
011,202,459
011,366,459
011,310,473
011,240,477
011,259,479
011,425,479
011,365,487
012,164,010
012,259,034
012,026,037
012,051,047
012,085,079
012,043,083
012,118,086
012,232,087
012,147,100
012,249,105
012,116,118
012,227,138
012,084,140
012,212,140
012,223,156
012,156,223
012,035,226
012,381,231
012,130,243
012,426,249
012,094,259
012,059,267
012,198,267
012,314,273
012,326,284
012,179,287
012,050,299
012,394,327
012,250,332
012,404,353
012,264,357
012,357,360
012,249,372
012,035,378
012,173,379
012,060,388
012,323,390
012,352,390
012,386,392
012,008,398
012,408,427
012,062,432
012,238,435
012,368,457
012,201,458
012,310,472
012,239,476
012,259,479
012,425,479
012,364,486
013,165,010
013,258,033
013,025,037
013,052,048
013,084,079
013,043,084
013,117,086
013,231,088
013,146,101
013,249,105
013,113,118
013,227,138
013,083,141
013,211,142
013,223,155
013,156,223
013,034,225
013,379,231
013,127,244
013,426,249
013,093,259
013,057,266
013,198,267
013,314,272
013,326,284
013,179,288
013,046,296
013,393,325
013,248,332
013,404,352
013,264,357
013,357,360
013,249,371
013,035,378
013,170,380
013,061,388
013,324,390
013,352,391
013,387,394
013,008,400
013,408,428
013,062,433
013,238,434
013,198,454
013,367,455
013,310,472
013,239,475
013,426,479
013,260,480
013,364,486
014,168,011
014,258,033
014,026,038
014,052,049
014,085,081
014,044,085
014,118,086
014,231,089
014,145,103
014,249,106
014,113,120
014,228,138
014,084,142
014,210,144
014,223,156
014,156,223
014,035,226
014,377,232
014,127,244
014,427,249
014,093,261
014,057,265
014,198,268
014,314,273
014,326,285
014,179,288
014,047,297
014,394,325
014,247,333
014,404,352
014,266,357
014,357,361
014,251,371
014,035,379
014,170,381
014,064,388
014,325,389
014,352,391
014,387,397
014,011,400
014,409,429
014,064,433
014,239,432
014,197,453
014,368,453
014,312,472
014,240,475
014,261,479
014,426,479
014,364,488
015,170,011
015,259,032
015,026,037
015,054,046
015,085,081
015,044,084
015,119,085
015,233,089
015,144,103
015,250,106
015,112,120
015,228,138
015,084,142
015,209,143
015,224,154
015,156,223
015,034,225
015,376,232
015,128,243
015,428,248
015,093,261
015,056,264
015,198,267
015,313,273
015,326,284
015,178,287
015,048,297
015,394,324
015,246,332
015,250,353
015,403,352
015,266,358
015,358,361
015,251,370
015,036,378
015,168,381
015,070,386
015,327,389
015,352,392
015,388,399
015,009,401
015,240,430
015,409,430
015,063,433
015,196,452
015,369,452
015,239,473
015,312,472
015,426,477
015,261,478
015,365,487
015,345,505
016,172,012
016,258,031
016,028,038
016,053,048
016,085,082
016,043,085
016,119,085
016,232,089
016,142,105
016,249,106
016,112,120
016,229,138
016,084,143
016,209,144
016,223,153
016,033,225
016,156,224
016,374,233
016,126,244
016,427,249
016,092,261
016,056,264
016,198,267
016,312,273
016,325,284
016,178,287
016,046,294
016,392,323
016,244,332
016,403,352
016,267,358
016,358,361
016,250,370
016,037,378
016,166,381
016,071,386
016,326,388
016,352,394
016,387,399
016,009,402
016,240,428
016,064,433
016,410,432
016,369,451
016,195,453
016,238,471
016,311,472
016,262,478
016,428,480
016,365,487
016,346,504
017,174,012
017,259,029
017,029,038
017,053,050
017,085,083
017,044,085
017,121,085
017,229,092
017,141,105
017,250,106
017,111,120
017,227,138
017,084,143
017,207,143
017,222,151
017,157,223
017,034,225
017,368,236
017,127,244
017,438,244
017,428,248
017,055,263
017,092,262
017,198,267
017,311,273
017,325,284
017,178,286
017,049,299
017,391,321
017,242,331
017,404,351
017,268,358
017,360,361
017,249,368
017,038,378
017,167,381
017,074,385
017,327,388
017,352,393
017,388,401
017,009,403
017,242,426
017,064,433
017,411,433
017,368,449
017,194,452
017,238,470
017,312,471
017,261,478
017,428,480
017,365,486
018,176,013
018,259,026
018,030,037
018,053,051
018,044,085
018,085,084
018,121,085
018,228,093
018,139,107
018,250,106
018,110,121
018,229,136
018,208,141
018,084,143
018,223,149
018,157,223
018,033,225
018,365,239
018,127,245
018,429,248
018,055,263
018,091,263
018,198,267
018,311,273
018,326,284
018,178,286
018,049,298
018,390,319
018,238,330
018,401,350
018,269,359
018,359,362
018,247,368
018,038,380
018,166,380
018,079,385
018,327,388
018,352,394
018,387,400
018,243,423
018,062,433
018,412,434
018,368,448
018,196,453
018,238,469
018,313,471
018,262,478
018,428,480
018,365,486
019,177,013
019,259,024
019,030,036
019,053,052
019,085,084
019,044,086
019,121,086
019,226,095
019,140,107
019,250,106
019,107,121
019,085,143
019,207,142
019,222,148
019,033,223
019,156,223
019,364,239
019,440,241
019,125,244
019,429,248
019,055,262
019,091,263
019,198,267
019,310,273
019,326,283
019,177,284
019,049,296
019,391,318
019,236,330
019,402,349
019,270,360
019,359,363
019,245,367
019,039,379
019,164,380
019,080,384
019,328,387
019,352,394
019,386,401
019,002,406
019,244,419
019,062,433
019,413,435
019,368,448
019,197,454
019,236,468
019,313,470
019,263,479
019,429,481
019,365,485
020,180,014
020,258,023
020,030,035
020,053,052
020,085,084
020,122,085
020,043,086
020,226,096
020,250,107
020,139,108
020,107,121
020,209,143
020,085,144
020,221,149
020,034,222
020,156,222
020,364,240
020,440,241
020,124,245
020,429,248
020,057,261
020,090,263
020,199,268
020,309,272
020,327,283
020,177,284
020,049,296
020,391,318
020,234,329
020,400,347
020,272,360
020,360,364
020,244,367
020,039,379
020,164,380
020,083,384
020,329,388
020,352,395
020,386,401
020,002,406
020,246,416
020,064,434
020,415,435
020,368,447
020,197,459
020,236,467
020,317,470
020,264,479
020,430,481
020,365,483
021,181,014
021,257,022
021,030,035
021,051,052
021,085,083
021,124,083
021,045,087
021,223,097
021,139,107
021,250,106
021,107,122
021,084,143
021,214,143
021,033,223
021,156,222
021,364,239
021,440,240
021,123,244
021,428,248
021,057,259
021,089,262
021,198,268
021,309,272
021,176,283
021,326,282
021,050,295
021,390,316
021,232,327
021,400,346
021,271,359
021,241,365
021,361,364
021,040,379
021,162,380
021,084,383
021,328,388
021,351,395
021,385,400
021,004,406
021,247,412
021,062,435
021,415,435
021,369,445
021,196,462
021,235,467
021,316,469
021,264,480
021,365,481
021,431,482
022,182,015
022,257,020
022,030,034
022,051,052
022,085,083
022,125,083
022,044,088
022,223,099
022,251,107
022,138,109
022,106,123
022,209,143
022,085,144
022,032,222
022,156,222
022,364,240
022,441,240
022,123,244
022,428,248
022,058,259
022,089,262
022,198,268
022,309,272
022,175,283
022,327,283
022,050,295
022,390,315
022,230,328
022,399,345
022,272,360
022,239,365
022,362,365
022,041,380
022,162,380
022,085,383
022,330,389
022,351,396
022,385,402
022,005,406
022,251,406
022,063,434
022,416,434
022,370,445
022,194,461
022,235,466
022,316,469
022,264,481
022,430,481
022,365,483
023,081,002
023,183,016
023,257,021
023,030,034
023,051,054
023,085,083
023,125,085
023,043,089
023,225,098
023,251,107
023,138,110
023,104,123
023,210,143
023,086,145
023,032,222
023,156,222
023,363,240
023,441,240
023,122,245
023,429,248
023,059,259
023,090,263
023,198,269
023,309,272
023,175,282
023,326,283
023,050,295
023,389,315
023,228,328
023,399,345
023,273,360
023,239,365
023,362,366
023,089,377
023,042,380
023,161,380
023,331,390
023,351,397
023,254,401
023,385,404
023,004,407
023,418,435
023,063,436
023,371,444
023,194,461
023,235,467
023,318,470
023,431,481
023,366,482
023,264,485
024,081,002
024,185,018
024,258,020
024,030,033
024,052,056
024,085,083
024,124,085
024,041,089
024,225,098
024,252,106
024,137,110
024,105,124
024,231,139
024,086,145
024,208,144
024,033,223
024,156,222
024,441,239
024,361,240
024,122,245
024,430,247
024,059,258
024,089,263
024,199,268
024,308,272
024,174,281
024,327,282
024,059,293
024,390,313
024,225,328
024,398,344
024,273,361
024,238,362
024,362,368
024,090,380
024,043,380
024,161,380
024,334,388
024,257,396
024,352,397
024,386,407
024,004,408
024,418,434
024,061,436
024,372,440
024,195,462
024,236,467
024,317,470
024,366,479
024,431,481
024,264,486
024,345,502
025,081,003
025,185,019
025,259,019
025,032,033
025,052,058
025,085,082
025,126,085
025,042,091
025,226,098
025,252,107
025,137,111
025,105,124
025,086,145
025,210,144
025,033,222
025,156,223
025,361,241
025,121,245
025,430,247
025,060,257
025,089,263
025,199,267
025,307,273
025,174,281
025,327,282
025,059,292
025,049,300
025,390,315
025,222,328
025,396,342
025,237,361
025,273,361
025,363,369
025,091,376
025,043,381
025,159,380
025,335,388
025,259,393
025,352,399
025,385,403
025,004,409
025,418,434
025,061,437
025,374,438
025,195,462
025,235,467
025,319,472
025,367,478
025,433,481
025,264,488
026,080,003
026,258,019
026,186,021
026,032,034
026,051,059
026,085,082
026,128,085
026,041,091
026,225,099
026,252,107
026,136,112
026,105,125
026,229,142
026,208,144
026,085,146
026,034,223
026,156,223
026,358,239
026,119,245
026,431,246
026,062,256
026,088,263
026,199,269
026,305,272
026,174,281
026,330,281
026,059,293
026,047,297
026,386,314
026,220,328
026,394,342
026,236,360
026,273,361
026,363,373
026,091,374
026,044,381
026,158,381
026,336,388
026,262,390
026,351,400
026,385,406
026,002,409
026,419,434
026,060,437
026,374,437
026,183,453
026,193,461
026,236,466
026,321,472
026,367,477
026,431,481
026,264,488
026,345,502
027,080,002
027,259,017
027,187,022
027,033,034
027,051,061
027,085,080
027,129,085
027,041,092
027,225,099
027,252,107
027,135,113
027,104,124
027,211,143
027,227,142
027,085,146
027,035,223
027,156,223
027,358,239
027,118,246
027,432,246
027,063,255
027,088,264
027,199,268
027,305,272
027,173,280
027,329,280
027,060,293
027,048,297
027,383,313
027,217,327
027,392,341
027,236,360
027,273,361
027,092,372
027,363,375
027,045,381
027,158,381
027,263,387
027,337,388
027,351,401
027,385,406
027,003,409
027,420,433
027,060,437
027,376,436
027,179,452
027,190,460
027,235,465
027,322,473
027,368,475
027,431,483
027,265,488
027,346,502
028,080,002
028,258,017
028,187,023
028,033,033
028,052,063
028,085,079
028,129,085
028,038,092
028,226,098
028,253,107
028,134,112
028,105,124
028,219,132
028,230,142
028,209,144
028,086,147
028,155,223
028,035,224
028,356,238
028,446,239
028,119,245
028,434,246
028,064,254
028,088,265
028,199,267
028,306,272
028,172,279
028,329,281
028,061,293
028,049,297
028,372,307
028,385,316
028,215,327
028,392,343
028,233,360
028,274,362
028,093,368
028,363,376
028,046,381
028,157,380
028,266,386
028,337,387
028,351,402
028,385,406
028,002,410
028,420,433
028,377,434
028,060,438
028,509,452
028,187,459
028,233,462
028,322,473
028,368,473
028,434,480
028,428,487
028,264,490
029,080,002
029,257,016
029,188,025
029,034,033
029,053,065
029,085,078
029,129,085
029,038,093
029,225,098
029,254,107
029,134,112
029,104,123
029,217,134
029,209,142
029,231,143
029,086,147
029,035,222
029,155,222
029,354,238
029,449,238
029,434,245
029,118,246
029,064,254
029,088,266
029,199,267
029,304,272
029,171,277
029,329,280
029,064,292
029,049,295
029,375,307
029,385,315
029,214,326
029,390,343
029,231,359
029,273,361
029,094,368
029,363,377
029,047,381
029,156,380
029,338,384
029,268,386
029,349,403
029,386,407
029,003,410
029,377,432
029,420,432
029,059,438
029,507,454
029,186,458
029,233,460
029,322,473
029,369,472
029,431,482
029,264,492
030,081,003
030,257,016
030,188,026
030,035,034
030,054,068
030,085,077
030,130,085
030,037,093
030,225,098
030,255,106
030,134,113
030,104,122
030,218,132
030,231,142
030,207,146
030,085,148
030,038,223
030,155,223
030,353,238
030,448,238
030,435,245
030,118,247
030,065,254
030,087,267
030,199,268
030,305,272
030,172,277
030,329,280
030,065,290
030,050,294
030,386,319
030,212,327
030,388,345
030,229,359
030,276,363
030,096,365
030,155,381
030,363,380
030,049,382
030,270,385
030,339,384
030,348,405
030,386,407
030,002,410
030,377,430
030,420,431
030,058,439
030,506,454
030,186,457
030,231,462
030,369,470
030,322,474
030,429,484
030,264,494
030,344,506
031,081,003
031,257,014
031,188,028
031,036,034
031,054,068
031,084,075
031,130,084
031,036,093
031,224,098
031,255,106
031,133,112
031,103,123
031,217,132
031,230,142
031,207,145
031,086,149
031,153,222
031,045,233
031,349,238
031,448,238
031,435,244
031,117,247
031,064,253
031,088,266
031,200,267
031,303,271
031,171,276
031,329,281
031,067,286
031,050,294
031,385,321
031,211,326
031,387,345
031,229,359
031,096,364
031,277,364
031,153,380
031,363,381
031,050,382
031,270,383
031,339,383
031,347,405
031,385,408
031,003,410
031,376,428
031,420,430
031,057,438
031,186,456
031,505,456
031,231,461
031,369,469
031,325,474
031,425,486
031,262,495
031,344,508
032,081,004
032,256,014
032,188,030
032,037,034
032,054,070
032,084,075
032,129,086
032,034,095
032,224,096
032,255,106
032,133,114
032,102,123
032,217,130
032,208,143
032,229,143
032,086,149
032,153,222
032,450,236
032,048,238
032,348,241
032,435,245
032,115,247
032,065,254
032,088,264
032,199,268
032,303,272
032,171,276
032,077,281
032,329,281
032,051,294
032,209,325
032,384,324
032,384,346
032,227,360
032,095,363
032,277,364
032,050,381
032,152,380
032,363,381
032,270,382
032,339,382
032,382,404
032,347,406
032,004,410
032,376,428
032,420,429
032,056,438
032,504,456
032,185,458
032,231,461
032,197,463
032,370,468
032,325,474
032,426,486
032,264,497
033,080,003
033,256,014
033,189,031
033,038,035
033,056,071
033,083,073
033,129,086
033,034,095
033,224,096
033,256,106
033,132,115
033,102,123
033,217,129
033,207,143
033,230,144
033,086,149
033,152,222
033,451,236
033,051,241
033,346,242
033,436,244
033,115,247
033,065,253
033,090,262
033,199,270
033,303,272
033,171,275
033,078,280
033,330,281
033,052,294
033,207,324
033,379,325
033,383,345
033,225,360
033,096,363
033,278,364
033,151,380
033,341,380
033,052,382
033,270,382
033,362,384
033,382,404
033,347,406
033,005,410
033,375,427
033,420,427
033,056,438
033,503,456
033,183,459
033,197,463
033,230,463
033,370,465
033,325,475
033,427,484
033,262,498
034,080,004
034,256,014
034,040,035
034,190,034
034,057,072
034,084,074
034,130,088
034,035,097
034,224,096
034,257,107
034,131,116
034,103,123
034,218,127
034,207,142
034,228,145
034,088,151
034,153,223
034,453,235
034,052,243
034,346,242
034,439,243
034,114,247
034,066,253
034,090,261
034,200,269
034,303,272
034,170,276
034,080,278
034,329,282
034,051,295
034,379,322
034,207,325
034,383,349
034,223,361
034,097,363
034,278,366
034,151,381
034,342,380
034,053,382
034,271,382
034,361,384
034,346,405
034,382,405
034,006,411
034,375,425
034,421,426
034,056,438
034,503,457
034,181,460
034,197,463
034,230,463
034,371,465
034,325,475
034,428,484
034,261,499
034,343,506
035,081,004
035,256,012
035,042,035
035,191,035
035,057,073
035,083,073
035,132,086
035,225,095
035,034,096
035,258,107
035,130,117
035,103,122
035,220,124
035,206,142
035,227,145
035,088,151
035,152,223
035,455,234
035,442,241
035,346,242
035,053,245
035,114,248
035,069,252
035,091,260
035,200,270
035,302,272
035,169,275
035,081,277
035,329,281
035,050,296
035,205,325
035,381,324
035,382,349
035,097,363
035,221,362
035,280,365
035,342,379
035,150,380
035,056,383
035,272,382
035,361,384
035,346,404
035,383,404
035,006,411
035,374,424
035,421,424
035,056,438
035,501,458
035,181,460
035,198,463
035,371,463
035,229,465
035,324,475
035,427,484
035,262,500
036,081,004
036,255,012
036,042,036
036,192,037
036,058,073
036,084,073
036,131,087
036,033,095
036,225,094
036,258,107
036,129,117
036,104,120
036,221,123
036,204,145
036,228,147
036,088,151
036,152,222
036,445,239
036,344,242
036,052,246
036,114,247
036,069,251
036,092,258
036,200,270
036,303,271
036,169,273
036,082,275
036,330,280
036,051,295
036,205,325
036,381,324
036,382,349
036,218,360
036,099,362
036,280,365
036,343,376
036,057,381
036,150,380
036,272,380
036,361,384
036,346,403
036,383,404
036,007,411
036,421,420
036,374,423
036,056,437
036,501,457
036,180,459
036,372,461
036,198,463
036,229,466
036,325,475
036,430,481
036,263,500
036,343,504
037,081,004
037,253,011
037,042,036
037,193,038
037,058,072
037,083,073
037,133,085
037,224,092
037,031,095
037,257,107
037,103,119
037,126,118
037,220,122
037,205,145
037,227,146
037,088,151
037,151,222
037,454,234
037,342,240
037,113,246
037,050,248
037,067,250
037,092,258
037,199,270
037,302,271
037,169,272
037,081,275
037,329,280
037,051,296
037,203,324
037,381,326
037,380,350
037,216,360
037,099,362
037,279,365
037,343,376
037,058,381
037,148,380
037,271,380
037,360,384
037,343,403
037,382,403
037,005,412
037,420,419
037,372,421
037,053,438
037,177,459
037,372,458
037,499,459
037,197,462
037,226,468
037,324,475
037,428,482
037,262,502
038,082,005
038,253,010
038,045,037
038,194,040
038,059,072
038,084,074
038,134,085
038,225,092
038,032,095
038,259,107
038,104,119
038,123,121
038,220,121
038,205,144
038,228,146
038,088,152
038,152,221
038,452,236
038,341,241
038,114,246
038,051,250
038,068,251
038,092,257
038,200,271
038,303,271
038,169,272
038,083,274
038,330,280
038,051,297
038,203,324
038,381,325
038,380,349
038,215,360
038,100,362
038,280,365
038,345,375
038,272,379
038,149,380
038,059,382
038,361,385
038,383,402
038,342,404
038,006,412
038,420,417
038,372,420
038,053,438
038,372,456
038,500,458
038,177,460
038,199,462
038,225,470
038,324,475
038,430,480
038,263,503
038,343,507
039,081,005
039,253,010
039,046,038
039,196,042
039,060,072
039,084,074
039,134,083
039,224,092
039,032,094
039,260,106
039,104,118
039,222,121
039,122,122
039,204,145
039,227,147
039,089,152
039,152,222
039,455,234
039,341,241
039,114,246
039,051,250
039,068,250
039,093,256
039,302,271
039,169,272
039,200,272
039,083,274
039,330,280
039,051,297
039,201,323
039,381,326
039,380,349
039,101,360
039,213,361
039,279,365
039,345,374
039,271,379
039,149,380
039,060,382
039,362,386
039,382,400
039,342,405
039,005,412
039,370,417
039,420,416
039,053,439
039,372,454
039,500,459
039,176,461
039,199,461
039,220,475
039,324,474
039,431,480
039,264,503
039,344,502
040,081,003
040,250,009
040,046,037
040,196,043
040,060,071
040,083,073
040,135,082
040,029,092
040,223,091
040,260,107
040,104,116
040,222,120
040,121,123
040,227,145
040,203,147
040,089,152
040,152,222
040,457,232
040,339,241
040,114,245
040,070,249
040,052,251
040,093,256
040,301,271
040,167,272
040,082,274
040,199,274
040,330,280
040,051,297
040,199,322
040,379,325
040,379,349
040,101,359
040,212,361
040,278,364
040,344,372
040,149,379
040,271,379
040,062,382
040,360,385
040,381,399
040,340,406
040,005,412
040,367,414
040,419,415
040,051,439
040,372,452
040,175,461
040,200,460
040,499,460
040,325,474
040,430,480
040,217,482
040,343,502
040,263,504
041,081,004
041,250,008
041,047,038
041,197,044
041,058,072
041,084,075
041,136,081
041,223,091
041,029,092
041,260,107
041,104,114
041,224,122
041,120,125
041,203,147
041,228,146
041,089,153
041,152,222
041,461,229
041,337,241
041,113,246
041,069,249
041,053,250
041,093,257
041,301,271
041,167,273
041,082,274
041,199,275
041,328,280
041,051,299
041,197,322
041,379,327
041,379,352
041,102,359
041,210,361
041,277,364
041,344,372
041,270,379
041,148,380
041,063,382
041,360,386
041,382,400
041,340,408
041,004,413
041,367,414
041,418,416
041,050,439
041,370,450
041,200,462
041,497,461
041,174,462
041,325,474
041,429,481
041,214,488
041,263,505
041,343,504
042,082,004
042,249,009
042,049,039
042,200,047
042,057,075
042,084,076
042,138,083
042,224,091
042,028,093
042,261,107
042,108,113
042,227,121
042,120,125
042,228,146
042,201,150
042,089,153
042,152,222
042,463,229
042,335,240
042,114,246
042,070,249
042,055,251
042,093,257
042,167,273
042,301,272
042,083,277
042,199,278
042,330,280
042,052,299
042,196,323
042,378,326
042,380,353
042,104,360
042,210,361
042,275,364
042,344,371
042,149,380
042,270,380
042,067,382
042,361,387
042,384,401
042,339,408
042,366,412
042,003,415
042,419,415
042,050,440
042,371,448
042,200,461
042,173,463
042,497,463
042,325,475
042,430,479
042,210,491
042,264,505
043,083,004
043,248,009
043,049,039
043,201,048
043,057,074
043,084,076
043,138,081
043,224,089
043,027,093
043,261,107
043,109,109
043,228,120
043,119,124
043,227,147
043,201,149
043,089,154
043,152,223
043,464,228
043,334,239
043,115,245
043,070,248
043,054,250
043,094,257
043,167,273
043,299,272
043,081,279
043,199,279
043,329,280
043,052,300
043,193,322
043,378,325
043,380,356
043,106,360
043,209,362
043,274,364
043,344,371
043,149,379
043,270,380
043,072,382
043,361,388
043,383,401
043,340,409
043,366,411
043,002,415
043,418,415
043,049,440
043,370,446
043,198,463
043,496,463
043,172,465
043,327,475
043,430,480
043,206,496
043,340,504
043,262,506
044,082,004
044,247,006
044,049,038
044,202,049
044,056,073
044,084,076
044,138,080
044,224,087
044,027,094
044,262,107
044,109,109
044,230,117
044,119,125
044,226,147
044,201,149
044,090,154
044,151,222
044,469,226
044,331,238
044,114,245
044,071,247
044,054,252
044,093,256
044,165,272
044,300,272
044,330,279
044,198,280
044,079,282
044,054,300
044,193,323
044,379,326
044,380,356
044,107,360
044,206,362
044,269,365
044,345,371
044,150,378
044,076,381
044,268,381
044,362,388
044,379,399
044,392,406
044,340,408
044,366,410
044,002,415
044,418,414
044,049,440
044,369,443
044,201,463
044,496,464
044,173,466
044,327,475
044,430,480
044,204,498
044,341,503
044,264,505
045,083,004
045,247,006
045,051,038
045,203,049
045,056,075
045,084,077
045,139,082
045,226,087
045,026,093
045,111,107
045,262,107
045,230,115
045,118,126
045,227,146
045,200,150
045,090,153
045,151,222
045,470,225
045,332,238
045,115,244
045,072,247
045,055,252
045,093,258
045,165,270
045,298,272
045,329,279
045,198,282
045,078,287
045,054,300
045,192,323
045,381,327
045,380,357
045,108,359
045,204,362
045,263,367
045,345,369
045,150,378
045,080,381
045,269,384
045,364,387
045,379,398
045,390,407
045,341,409
045,365,409
045,418,415
045,002,416
045,048,440
045,367,442
045,495,463
045,201,464
045,170,466
045,329,475
045,430,480
045,204,497
045,343,501
045,263,506
046,083,004
046,246,005
046,052,039
046,203,050
046,056,075
046,084,076
046,140,079
046,225,086
046,026,091
046,112,107
046,262,106
046,231,114
046,118,127
046,228,146
046,199,149
046,090,153
046,151,223
046,472,223
046,330,238
046,114,245
046,072,246
046,057,254
046,092,259
046,165,271
046,298,272
046,329,279
046,197,282
046,078,289
046,055,299
046,190,322
046,383,328
046,379,358
046,109,360
046,201,361
046,259,367
046,345,368
046,151,376
046,082,380
046,268,384
046,363,385
046,378,396
046,364,405
046,341,409
046,002,415
046,418,415
046,363,436
046,048,440
046,493,462
046,205,466
046,170,468
046,330,476
046,431,480
046,203,498
046,341,501
046,177,505
046,264,507
047,084,005
047,245,006
047,054,039
047,203,050
047,054,077
047,084,078
047,141,079
047,225,085
047,025,091
047,114,106
047,262,107
047,232,112
047,117,127
047,227,147
047,199,149
047,091,154
047,150,223
047,474,222
047,328,238
047,115,245
047,071,247
047,057,254
047,092,260
047,164,271
047,298,272
047,328,279
047,197,282
047,079,294
047,057,298
047,189,322
047,383,329
047,380,357
047,110,360
047,200,362
047,345,367
047,255,368
047,151,375
047,083,380
047,267,385
047,363,386
047,378,396
047,363,405
047,340,410
047,418,415
047,002,416
047,360,431
047,047,440
047,492,462
047,170,468
047,203,470
047,331,477
047,430,479
047,203,498
047,341,500
047,263,507
048,244,003
048,085,006
048,056,041
048,203,049
048,052,078
048,084,079
048,141,079
048,225,084
048,024,091
048,114,105
048,263,107
048,232,111
048,116,128
048,197,149
048,226,148
048,091,154
048,474,220
048,150,222
048,327,238
048,115,245
048,071,247
048,060,255
048,091,261
048,162,271
048,296,272
048,327,277
048,196,283
048,079,297
048,061,298
048,188,321
048,384,331
048,379,357
048,110,359
048,198,361
048,344,364
048,253,369
048,152,374
048,086,379
048,267,386
048,362,386
048,375,396
048,362,405
048,342,410
048,418,415
048,358,431
048,046,440
048,493,462
048,170,469
048,203,471
048,332,478
048,431,480
048,202,498
048,340,499
048,180,507
048,263,507
049,085,007
049,057,042
049,203,051
049,143,077
049,051,081
049,084,080
049,225,082
049,024,091
049,115,103
049,264,106
049,233,110
049,116,129
049,199,149
049,225,148
049,091,155
049,477,219
049,152,222
049,326,237
049,114,246
049,071,248
049,091,263
049,165,272
049,296,272
049,327,277
049,197,284
049,063,299
049,185,321
049,385,332
049,378,357
049,111,358
049,195,362
049,345,363
049,248,369
049,252,370
049,153,374
049,252,374
049,088,379
049,266,386
049,362,387
049,374,397
049,360,407
049,343,412
049,418,415
049,002,417
049,358,430
049,047,440
049,492,463
049,204,471
049,171,472
049,332,479
049,431,480
049,202,498
049,341,503
049,181,507
049,262,507
050,086,009
050,003,018
050,058,044
050,204,051
050,142,075
050,083,081
050,224,081
050,048,082
050,024,091
050,116,100
050,263,107
050,233,110
050,116,130
050,224,147
050,199,148
050,090,155
050,479,217
050,150,222
050,323,238
050,071,246
050,113,246
050,066,257
050,089,263
050,162,272
050,293,272
050,325,277
050,195,283
050,066,300
050,183,320
050,381,321
050,384,333
050,378,356
050,111,358
050,191,362
050,344,362
050,256,366
050,243,371
050,152,374
050,088,378
050,361,387
050,266,389
050,371,398
050,383,403
050,359,406
050,342,411
050,418,416
050,357,428
050,045,441
050,490,462
050,204,469
050,172,474
050,431,479
050,332,481
050,202,497
050,338,502
050,177,505
050,262,507
051,088,009
051,008,018
051,059,045
051,205,051
051,144,073
051,224,079
051,046,084
051,083,084
051,024,090
051,116,098
051,263,106
051,233,108
051,115,129
051,224,146
051,200,148
051,091,155
051,481,215
051,150,221
051,325,236
051,071,243
051,113,247
051,066,260
051,089,264
051,293,271
051,161,272
051,325,277
051,196,284
051,068,299
051,082,308
051,182,318
051,382,333
051,112,356
051,378,356
051,344,361
051,189,362
051,254,367
051,153,373
051,090,377
051,361,385
051,265,390
051,373,401
051,359,404
051,343,412
051,418,414
051,356,423
051,357,436
051,045,440
051,491,463
051,204,470
051,174,476
051,334,481
051,432,480
051,203,496
051,340,497
051,172,505
051,262,506
052,088,011
052,014,020
052,060,046
052,202,053
052,145,073
052,224,078
052,043,087
052,082,087
052,023,089
052,115,098
052,234,107
052,262,108
052,115,131
052,223,147
052,198,150
052,090,154
052,481,215
052,150,221
052,323,237
052,069,244
052,111,248
052,068,261
052,089,266
052,160,272
052,292,272
052,325,277
052,196,284
052,068,300
052,083,311
052,182,318
052,390,323
052,378,332
052,112,355
052,376,357
052,189,361
052,343,361
052,252,367
052,153,374
052,090,376
052,358,385
052,265,391
052,358,405
052,384,406
052,342,413
052,418,415
052,355,433
052,044,441
052,488,464
052,205,470
052,173,476
052,431,480
052,334,483
052,201,497
052,262,505
052,170,507
053,089,013
053,018,020
053,061,050
053,204,054
053,145,073
053,224,077
053,023,089
053,041,089
053,082,089
053,115,097
053,234,107
053,260,108
053,114,131
053,222,148
053,197,150
053,090,155
053,482,213
053,150,222
053,323,237
053,068,244
053,110,248
053,068,263
053,089,268
053,292,271
053,161,272
053,323,278
053,196,283
053,070,301
053,085,314
053,181,319
053,390,323
053,376,331
053,114,354
053,376,358
053,188,362
053,341,362
053,250,368
053,153,374
053,092,376
053,354,385
053,265,392
053,356,403
053,380,407
053,002,417
053,418,416
053,342,418
053,355,432
053,044,442
053,488,465
053,206,471
053,172,477
053,429,480
053,336,484
053,202,497
053,261,506
054,091,015
054,022,022
054,063,052
054,205,052
054,146,071
054,224,076
054,025,088
054,037,089
054,082,090
054,116,096
054,236,105
054,261,108
054,114,132
054,222,147
054,197,149
054,091,155
054,485,211
054,151,222
054,323,236
054,069,245
054,111,249
054,070,264
054,089,269
054,292,271
054,162,272
054,324,277
054,196,284
054,070,300
054,087,316
054,180,318
054,390,323
054,375,330
054,114,353
054,375,359
054,187,362
054,341,363
054,253,368
054,093,375
054,153,374
054,350,385
054,267,392
054,357,401
054,384,407
054,002,417
054,341,417
054,419,417
054,359,421
054,356,432
054,044,442
054,486,464
054,206,469
054,175,478
054,430,481
054,335,484
054,203,497
054,263,506
055,084,006
055,090,015
055,027,023
055,205,051
055,065,054
055,148,070
055,225,074
055,022,084
055,037,091
055,082,091
055,117,096
055,237,103
055,262,110
055,115,132
055,222,148
055,197,151
055,090,155
055,488,209
055,152,221
055,321,236
055,069,245
055,111,250
055,070,266
055,090,270
055,292,271
055,160,272
055,325,277
055,196,283
055,072,302
055,087,317
055,179,317
055,391,324
055,375,328
055,115,351
055,186,361
055,374,361
055,339,365
055,253,368
055,154,373
055,095,375
055,349,383
055,270,392
055,357,400
055,384,408
055,002,417
055,340,417
055,419,416
055,359,420
055,356,433
055,043,442
055,486,464
055,209,467
055,178,481
055,433,480
055,335,485
055,205,497
055,340,505
055,262,507
056,084,009
056,092,019
056,033,025
056,205,051
056,066,053
056,147,068
056,223,071
056,020,082
056,036,092
056,082,092
056,116,096
056,237,103
056,260,109
056,115,133
056,221,148
056,195,151
056,088,153
056,489,206
056,150,221
056,319,236
056,066,246
056,109,250
056,071,266
056,089,271
056,291,271
056,160,272
056,324,276
056,195,282
056,073,304
056,175,316
056,088,319
056,391,323
056,372,328
056,116,351
056,184,361
056,374,363
056,337,365
056,253,368
056,153,373
056,095,375
056,348,383
056,271,392
056,357,400
056,381,408
056,339,415
056,002,417
056,419,417
056,358,420
056,355,432
056,042,442
056,484,466
056,209,468
056,431,480
056,180,483
056,334,487
056,206,497
056,337,505
056,163,507
056,263,507
057,093,022
057,037,026
057,206,052
057,068,054
057,148,068
057,224,071
057,020,081
057,035,093
057,082,092
057,117,093
057,237,103
057,260,110
057,114,133
057,221,149
057,196,150
057,088,153
057,490,205
057,149,221
057,317,237
057,065,247
057,107,252
057,072,269
057,159,273
057,290,272
057,090,276
057,325,277
057,196,283
057,074,305
057,173,316
057,089,323
057,390,323
057,370,327
057,117,351
057,183,362
057,375,365
057,335,367
057,255,369
057,094,373
057,153,373
057,246,373
057,346,383
057,273,393
057,356,400
057,384,412
057,338,416
057,420,417
057,002,418
057,361,421
057,356,432
057,042,443
057,210,467
057,484,467
057,431,480
057,180,485
057,334,487
057,209,498
057,158,504
057,263,508
058,093,022
058,042,028
058,204,052
058,069,055
058,150,066
058,223,070
058,019,079
058,081,093
058,034,094
058,117,094
058,237,101
058,258,111
058,114,134
058,222,149
058,194,151
058,086,153
058,492,202
058,150,222
058,316,237
058,064,248
058,106,252
058,072,270
058,159,273
058,290,272
058,089,274
058,323,277
058,195,283
058,075,306
058,170,316
058,388,322
058,091,326
058,367,326
058,117,352
058,182,363
058,374,366
058,332,369
058,255,370
058,095,372
058,154,373
058,246,372
058,346,383
058,276,392
058,002,398
058,358,399
058,382,415
058,338,417
058,419,417
058,002,418
058,367,419
058,358,431
058,042,444
058,211,465
058,483,467
058,430,480
058,334,487
058,181,488
058,210,497
058,158,503
058,264,508
059,095,024
059,046,031
059,206,052
059,070,056
059,151,065
059,221,068
059,018,077
059,033,094
059,082,095
059,118,094
059,238,100
059,258,112
059,114,134
059,222,149
059,194,151
059,087,153
059,494,200
059,149,223
059,312,238
059,063,247
059,106,254
059,073,271
059,158,273
059,291,272
059,089,275
059,324,276
059,195,284
059,077,307
059,167,316
059,389,321
059,367,323
059,091,329
059,118,349
059,183,365
059,376,367
059,330,369
059,256,371
059,095,372
059,154,372
059,246,373
059,345,382
059,278,393
059,006,397
059,359,398
059,338,416
059,369,417
059,386,416
059,005,418
059,420,419
059,360,430
059,041,445
059,213,464
059,483,469
059,431,482
059,335,487
059,181,489
059,210,497
059,154,505
060,095,023
060,049,032
060,206,054
060,071,057
060,151,065
060,220,065
060,019,073
060,033,095
060,118,094
060,083,096
060,239,101
060,257,113
060,114,135
060,220,147
060,087,153
060,194,153
060,496,199
060,147,223
060,310,239
060,064,248
060,106,254
060,073,272
060,157,273
060,289,272
060,089,277
060,324,277
060,195,284
060,079,309
060,164,316
060,388,321
060,366,322
060,093,331
060,119,349
060,181,365
060,375,367
060,328,368
060,155,371
060,258,371
060,096,373
060,245,373
060,343,381
060,279,393
060,006,396
060,359,397
060,369,415
060,386,415
060,337,417
060,005,418
060,420,419
060,363,430
060,040,445
060,216,460
060,482,469
060,430,482
060,335,485
060,182,492
060,213,495
060,152,502
061,096,025
061,054,034
061,206,054
061,073,057
061,153,063
061,219,063
061,021,072
061,034,094
061,119,094
061,083,096
061,240,099
061,257,113
061,114,134
061,221,146
061,086,151
061,194,152
061,496,197
061,148,223
061,307,239
061,064,247
061,105,255
061,074,272
061,156,273
061,290,272
061,089,277
061,325,277
061,195,284
061,090,289
061,080,310
061,163,315
061,364,321
061,388,320
061,093,333
061,120,347
061,181,365
061,375,367
061,327,369
061,155,371
061,096,372
061,259,372
061,244,374
061,344,379
061,278,393
061,006,395
061,361,397
061,370,414
061,336,417
061,384,416
061,005,418
061,420,418
061,365,430
061,041,446
061,217,459
061,481,469
061,431,481
061,336,487
061,183,493
061,213,494
061,150,502
062,098,027
062,056,035
062,206,056
062,073,059
062,154,063
062,219,064
062,021,070
062,033,095
062,118,095
062,083,096
062,240,099
062,257,113
062,114,135
062,221,147
062,085,151
062,194,153
062,498,196
062,148,223
062,304,241
062,062,249
062,105,254
062,073,273
062,290,272
062,154,274
062,324,277
062,089,279
062,195,284
062,082,312
062,162,315
062,389,319
062,363,320
062,093,336
062,122,345
062,197,358
062,180,366
062,324,369
062,374,368
062,155,371
062,096,372
062,244,374
062,257,374
062,341,379
062,280,392
062,006,394
062,362,398
062,370,415
062,336,417
062,389,417
062,005,419
062,420,419
062,366,431
062,041,447
062,217,458
062,481,470
062,433,482
062,337,485
062,185,494
062,214,494
062,151,496
063,098,028
063,059,037
063,205,057
063,074,061
063,153,063
063,219,063
063,022,069
063,032,096
063,083,096
063,118,096
063,039,098
063,239,099
063,256,113
063,114,136
063,220,147
063,085,150
063,194,152
063,499,194
063,147,224
063,303,241
063,061,248
063,103,257
063,155,273
063,291,272
063,073,274
063,323,277
063,090,280
063,195,284
063,083,313
063,160,314
063,361,318
063,390,319
063,093,340
063,121,341
063,198,357
063,180,367
063,322,369
063,373,368
063,155,371
063,098,375
063,244,374
063,340,378
063,258,381
063,008,392
063,281,392
063,362,397
063,369,414
063,337,416
063,389,417
063,005,420
063,421,420
063,367,430
063,040,448
063,217,457
063,480,469
063,432,481
063,336,484
063,186,494
063,215,494
063,146,502
064,100,031
064,061,038
064,203,058
064,075,060
064,154,062
064,219,062
064,022,066
064,029,095
064,119,095
064,082,096
064,038,099
064,239,098
064,255,114
064,113,136
064,219,149
064,084,150
064,193,151
064,500,192
064,145,224
064,302,240
064,059,246
064,104,257
064,291,272
064,152,274
064,323,277
064,073,279
064,089,283
064,195,284
064,158,314
064,085,316
064,360,317
064,389,317
064,121,339
064,093,343
064,197,355
064,194,360
064,178,367
064,320,369
064,372,368
064,154,371
064,097,373
064,244,373
064,339,376
064,258,386
064,281,391
064,005,392
064,362,397
064,350,412
064,336,415
064,369,414
064,391,418
064,005,420
064,420,421
064,367,429
064,041,449
064,218,458
064,479,469
064,337,481
064,433,482
064,187,494
064,214,494
064,145,504
065,372,002
065,102,034
065,064,041
065,204,058
065,156,061
065,077,062
065,218,063
065,022,064
065,028,095
065,083,097
065,118,097
065,240,098
065,038,100
065,255,115
065,113,135
065,082,149
065,219,149
065,193,151
065,502,192
065,145,225
065,302,242
065,059,247
065,102,257
065,292,273
065,152,274
065,322,277
065,074,279
065,190,280
065,089,284
065,157,314
065,086,317
065,360,316
065,389,316
065,123,337
065,093,345
065,176,369
065,320,369
065,372,368
065,155,371
065,241,372
065,338,375
065,099,376
065,256,377
065,257,384
065,006,392
065,281,392
065,362,396
065,370,413
065,337,414
065,392,419
065,006,420
065,420,422
065,369,429
065,043,449
065,219,457
065,480,468
065,338,479
065,432,480
065,148,485
065,189,494
065,216,494
065,142,498
065,339,508
066,373,002
066,102,035
066,065,042
066,203,059
066,156,061
066,077,062
066,219,062
066,022,064
066,025,092
066,082,097
066,118,099
066,238,098
066,037,101
066,254,115
066,114,135
066,081,149
066,219,150
066,194,153
066,503,189
066,144,225
066,300,242
066,057,246
066,101,258
066,295,273
066,150,276
066,190,276
066,074,279
066,322,278
066,090,285
066,156,314
066,357,315
066,389,315
066,086,319
066,122,336
066,094,348
066,193,357
066,316,369
066,374,368
066,154,371
066,175,370
066,235,371
066,338,374
066,099,377
066,254,379
066,282,391
066,006,392
066,361,394
066,336,412
066,369,413
066,005,420
066,391,420
066,419,421
066,369,428
066,044,450
066,219,456
066,479,468
066,338,478
066,434,482
066,148,485
066,192,495
066,218,495
066,143,498
067,375,002
067,103,037
067,068,045
067,203,059
067,081,061
067,157,061
067,022,063
067,221,062
067,029,095
067,084,096
067,238,097
067,036,100
067,120,100
067,254,115
067,115,135
067,081,148
067,219,150
067,193,152
067,503,189
067,142,225
067,301,241
067,056,246
067,103,258
067,304,270
067,192,272
067,148,276
067,073,279
067,323,278
067,090,286
067,389,313
067,155,314
067,357,314
067,089,321
067,123,334
067,095,350
067,316,369
067,374,369
067,155,371
067,176,371
067,231,370
067,338,371
067,101,378
067,255,378
067,006,391
067,284,391
067,361,392
067,347,404
067,335,410
067,369,411
067,007,421
067,419,421
067,393,423
067,371,427
067,046,450
067,220,455
067,478,466
067,339,476
067,436,482
067,142,495
067,193,495
067,220,496
068,376,003
068,102,036
068,070,046
068,022,060
068,157,060
068,202,060
068,080,063
068,220,062
068,026,093
068,083,096
068,238,097
068,034,099
068,119,101
068,253,116
068,115,134
068,080,147
068,219,149
068,192,153
068,503,187
068,141,225
068,299,242
068,057,245
068,102,258
068,193,268
068,305,271
068,148,276
068,188,277
068,072,278
068,324,278
068,091,289
068,388,309
068,356,312
068,154,315
068,090,323
068,124,335
068,094,351
068,374,369
068,156,371
068,229,370
068,315,370
068,337,370
068,175,373
068,101,379
068,254,380
068,008,390
068,286,390
068,361,391
068,348,405
068,332,407
068,368,411
068,007,421
068,420,421
068,373,426
068,394,426
068,218,450
068,046,450
068,477,467
068,340,473
068,435,481
068,143,493
068,194,495
068,220,496
068,268,506
069,275,003
069,381,006
069,104,040
069,070,048
069,158,060
069,202,061
069,023,062
069,081,063
069,221,062
069,025,093
069,083,097
069,032,099
069,238,098
069,118,102
069,253,116
069,115,134
069,078,146
069,192,151
069,219,151
069,503,185
069,140,226
069,300,241
069,057,244
069,102,259
069,195,266
069,309,271
069,147,276
069,075,279
069,190,278
069,323,278
069,090,290
069,355,309
069,388,308
069,152,316
069,091,323
069,124,334
069,095,351
069,197,356
069,314,368
069,156,371
069,226,370
069,337,370
069,374,370
069,176,373
069,102,382
069,254,383
069,009,390
069,287,390
069,360,390
069,343,399
069,331,406
069,366,409
069,007,422
069,420,422
069,374,425
069,394,428
069,047,451
069,218,450
069,477,465
069,340,472
069,434,479
069,142,494
069,195,494
069,219,497
069,270,505
070,276,006
070,379,009
070,106,042
070,072,049
070,024,060
070,158,060
070,221,062
070,081,064
070,200,064
070,024,092
070,083,099
070,237,098
070,117,103
070,253,116
070,114,135
070,078,146
070,192,153
070,219,153
070,504,185
070,139,227
070,301,241
070,055,244
070,102,260
070,193,265
070,306,273
070,320,274
070,146,276
070,074,279
070,191,278
070,090,292
070,354,307
070,388,307
070,152,317
070,091,325
070,124,334
070,095,352
070,208,361
070,224,369
070,313,368
070,337,369
070,156,371
070,374,370
070,176,375
070,102,384
070,253,385
070,360,389
070,009,391
070,287,390
070,259,397
070,341,398
070,330,406
070,366,408
070,007,423
070,420,423
070,374,424
070,392,431
070,219,450
070,049,452
070,477,464
070,340,472
070,435,480
070,143,493
070,198,493
070,218,498
070,271,505
070,136,507
071,277,007
071,378,008
071,107,043
071,072,050
071,024,060
071,160,060
071,221,062
071,082,065
071,201,064
071,023,089
071,237,097
071,084,098
071,118,105
071,252,116
071,114,136
071,078,145
071,191,151
071,219,153
071,506,184
071,138,226
071,302,240
071,057,244
071,101,258
071,194,266
071,306,268
071,146,277
071,320,276
071,074,279
071,191,280
071,091,291
071,387,305
071,353,306
071,152,318
071,091,326
071,125,331
071,096,354
071,314,366
071,221,368
071,338,369
071,156,371
071,376,371
071,176,377
071,103,385
071,012,387
071,254,386
071,360,387
071,289,390
071,342,396
071,365,405
071,329,407
071,007,422
071,375,422
071,421,422
071,392,432
071,220,449
071,049,452
071,478,463
071,341,471
071,436,479
071,143,491
071,201,491
071,219,499
071,273,503
071,338,508
072,144,003
072,381,006
072,277,010
072,368,012
072,107,044
072,073,052
072,026,060
072,160,060
072,222,061
072,200,065
072,083,066
072,021,084
072,030,096
072,083,098
072,236,098
072,116,106
072,251,117
072,113,136
072,074,144
072,189,149
072,219,154
072,506,182
072,136,227
072,300,241
072,056,243
072,101,260
072,193,264
072,145,276
072,191,277
072,318,276
072,073,280
072,089,292
072,352,302
072,386,303
072,150,318
072,092,329
072,124,336
072,095,355
072,200,360
072,312,366
072,218,368
072,336,369
072,156,371
072,373,372
072,176,379
072,012,386
072,103,386
072,255,387
072,360,386
072,286,390
072,339,394
072,326,405
072,363,404
072,006,422
072,375,423
072,420,423
072,391,433
072,219,446
072,048,452
072,477,463
072,340,471
072,437,480
072,205,488
072,143,491
072,219,501
072,274,501
073,148,002
073,383,005
073,277,012
073,369,012
073,107,045
073,074,054
073,029,060
073,160,061
073,221,062
073,200,064
073,084,066
073,021,085
073,029,098
073,084,099
073,236,099
073,115,106
073,251,117
073,113,136
073,072,143
073,191,152
073,219,153
073,507,177
073,134,228
073,299,241
073,056,244
073,101,261
073,194,262
073,307,275
073,146,276
073,191,277
073,318,277
073,074,281
073,089,293
073,350,301
073,385,300
073,154,317
073,123,330
073,093,333
073,094,357
073,198,362
073,312,365
073,216,367
073,338,370
073,156,372
073,375,375
073,175,380
073,360,384
073,012,386
073,104,387
073,255,387
073,286,390
073,337,394
073,362,403
073,326,408
073,007,422
073,376,424
073,420,424
073,390,434
073,219,449
073,049,453
073,477,462
073,341,470
073,437,482
073,207,487
073,144,491
073,274,501
073,221,502
074,149,003
074,382,007
074,371,011
074,280,012
074,107,046
074,075,055
074,032,060
074,160,061
074,222,062
074,089,064
074,200,064
074,019,081
074,024,094
074,025,097
074,084,097
074,237,098
074,116,108
074,252,117
074,113,136
074,071,142
074,193,150
074,218,154
074,509,175
074,134,228
074,298,241
074,053,244
074,195,254
074,101,263
074,304,274
074,145,276
074,190,276
074,318,277
074,074,281
074,089,295
074,386,295
074,348,299
074,157,317
074,124,328
074,095,334
074,096,358
074,197,363
074,313,363
074,213,367
074,156,371
074,337,372
074,375,372
074,176,381
074,361,383
074,013,386
074,255,387
074,105,388
074,285,390
074,336,392
074,358,402
074,326,405
074,007,422
074,378,423
074,420,423
074,389,435
074,220,449
074,051,453
074,478,463
074,341,469
074,438,481
074,138,486
074,209,486
074,146,490
074,275,500
074,221,502
075,151,002
075,379,007
075,372,010
075,281,013
075,110,048
075,032,059
075,076,058
075,160,060
075,224,060
075,091,064
075,200,066
075,020,081
075,028,096
075,084,097
075,236,097
075,116,107
075,252,118
075,113,135
075,069,140
075,194,150
075,218,154
075,509,174
075,133,228
075,297,241
075,054,243
075,195,254
075,100,262
075,303,274
075,145,276
075,190,276
075,319,277
075,075,281
075,386,293
075,088,296
075,347,297
075,159,316
075,125,325
075,094,334
075,095,359
075,313,361
075,211,365
075,156,371
075,337,370
075,377,370
075,176,381
075,361,382
075,015,385
075,256,387
075,107,388
075,284,391
075,335,391
075,357,401
075,325,405
075,008,422
075,378,423
075,420,423
075,389,436
075,220,447
075,052,452
075,478,463
075,341,468
075,439,479
075,138,480
075,209,483
075,277,499
075,220,504
075,157,507
075,339,509
076,154,003
076,382,006
076,366,009
076,281,013
076,110,048
076,037,058
076,077,058
076,161,059
076,223,060
076,097,064
076,199,066
076,020,080
076,027,096
076,084,096
076,236,096
076,118,107
076,252,117
076,112,136
076,067,140
076,198,149
076,190,151
076,219,154
076,133,229
076,293,242
076,053,244
076,195,251
076,101,264
076,304,274
076,145,277
076,190,276
076,320,276
076,075,280
076,388,292
076,088,298
076,346,298
076,161,317
076,126,324
076,095,335
076,095,361
076,312,361
076,197,363
076,212,366
076,336,369
076,157,371
076,376,371
076,019,381
076,177,382
076,362,383
076,256,387
076,107,388
076,335,389
076,284,391
076,356,400
076,326,406
076,008,422
076,378,422
076,420,424
076,389,437
076,221,445
076,054,454
076,478,462
076,342,468
076,139,479
076,211,481
076,441,482
076,278,498
076,221,505
076,158,506
076,339,508
077,154,004
077,382,005
077,363,009
077,279,014
077,111,050
077,037,058
077,160,058
077,223,058
077,077,060
077,096,067
077,199,066
077,019,080
077,027,095
077,084,095
077,236,094
077,117,105
077,252,116
077,112,136
077,066,139
077,188,149
077,219,148
077,202,150
077,131,229
077,196,240
077,051,242
077,291,242
077,196,251
077,442,250
077,100,264
077,302,275
077,144,276
077,190,276
077,319,277
077,074,281
077,387,290
077,344,297
077,086,299
077,158,315
077,169,316
077,125,323
077,095,336
077,093,359
077,312,361
077,197,362
077,210,364
077,335,368
077,157,370
077,375,371
077,019,380
077,177,382
077,362,382
077,255,387
077,108,388
077,333,389
077,283,390
077,352,400
077,325,406
077,378,420
077,008,422
077,419,424
077,388,437
077,220,442
077,055,453
077,478,460
077,341,466
077,136,477
077,210,480
077,444,483
077,277,497
077,158,505
077,338,507
077,223,508
078,382,005
078,153,007
078,363,009
078,279,017
078,112,049
078,226,055
078,040,059
078,161,058
078,078,061
078,198,068
078,019,082
078,237,093
078,026,094
078,085,095
078,119,107
078,252,116
078,111,136
078,064,138
078,225,139
078,204,142
078,190,149
078,130,230
078,197,241
078,052,243
078,290,243
078,099,263
078,189,276
078,303,275
078,323,277
078,145,278
078,073,280
078,388,290
078,343,297
078,087,300
078,157,315
078,168,318
078,126,324
078,096,338
078,311,359
078,095,361
078,210,365
078,336,366
078,158,370
078,377,372
078,021,379
078,177,382
078,362,382
078,255,387
078,332,387
078,111,389
078,284,389
078,353,400
078,325,406
078,379,419
078,009,423
078,419,424
078,386,436
078,221,442
078,057,454
078,479,461
078,342,466
078,133,475
078,212,478
078,444,485
078,278,497
078,159,505
078,338,508
079,383,004
079,149,007
079,363,008
079,280,017
079,113,050
079,225,057
079,040,059
079,162,059
079,077,062
079,198,069
079,019,081
079,238,091
079,024,095
079,026,095
079,085,096
079,121,108
079,252,117
079,226,134
079,062,137
079,111,137
079,205,142
079,190,148
079,130,231
079,196,241
079,054,243
079,290,243
079,098,263
079,305,275
079,189,276
079,325,277
079,145,279
079,073,280
079,389,289
079,343,297
079,088,302
079,154,315
079,166,320
079,126,322
079,096,339
079,311,358
079,095,362
079,209,363
079,334,366
079,157,371
079,375,374
079,020,380
079,361,381
079,177,382
079,330,385
079,255,387
079,112,389
079,283,390
079,322,403
079,380,419
079,010,422
079,419,422
079,384,435
079,220,441
079,057,454
079,478,461
079,342,466
079,132,474
079,213,478
079,444,485
079,277,496
079,160,504
079,338,507
080,217,002
080,280,002
080,382,004
080,363,008
080,143,010
080,280,018
080,115,052
080,224,055
080,163,059
080,043,060
080,076,065
080,198,069
080,108,076
080,019,081
080,237,091
080,084,096
080,122,107
080,252,117
080,230,132
080,061,136
080,111,137
080,205,142
080,189,149
080,129,233
080,196,240
080,051,242
080,285,245
080,097,262
080,188,277
080,303,276
080,324,276
080,145,279
080,073,280
080,391,288
080,342,296
080,088,302
080,164,321
080,127,322
080,097,342
080,311,357
080,097,363
080,208,363
080,333,364
080,157,371
080,378,377
080,020,379
080,360,380
080,177,382
080,329,385
080,255,387
080,113,389
080,284,390
080,351,400
080,321,403
080,380,419
080,420,421
080,010,422
080,382,435
080,221,438
080,057,455
080,475,458
080,342,466
080,128,473
080,213,475
080,444,484
080,278,496
080,161,503
080,337,507
081,218,002
081,382,004
081,143,009
081,362,008
081,282,021
081,221,051
081,116,053
081,041,060
081,164,060
081,075,068
081,198,071
081,020,080
081,239,091
081,085,096
081,122,106
081,252,117
081,231,130
081,058,136
081,111,138
081,205,143
081,189,149
081,128,234
081,197,240
081,051,243
081,284,247
081,098,263
081,188,277
081,304,277
081,325,277
081,072,281
081,145,280
081,391,288
081,342,298
081,089,305
081,153,316
081,127,322
081,163,323
081,099,343
081,309,358
081,208,363
081,097,366
081,335,366
081,157,372
081,377,375
081,022,377
081,359,380
081,327,383
081,178,384
081,255,388
081,115,390
081,284,391
081,319,402
081,351,402
081,379,417
081,421,418
081,011,423
081,221,436
081,381,437
081,057,456
081,474,458
081,342,466
081,126,472
081,215,474
081,443,485
081,279,496
081,162,501
082,218,004
082,382,005
082,144,009
082,363,009
082,281,024
082,221,047
082,116,053
082,165,061
082,043,062
082,071,072
082,198,072
082,021,081
082,238,093
082,085,096
082,125,106
082,253,118
082,232,127
082,229,135
082,057,136
082,110,138
082,206,144
082,189,150
082,127,236
082,197,241
082,052,243
082,282,248
082,097,265
082,188,278
082,304,278
082,326,278
082,146,281
082,072,283
082,390,288
082,341,299
082,090,308
082,151,319
082,127,323
082,163,323
082,099,346
082,311,359
082,207,364
082,335,366
082,098,368
082,157,374
082,375,374
082,024,377
082,358,379
082,179,385
082,325,384
082,255,389
082,116,391
082,282,393
082,318,402
082,349,402
082,378,417
082,422,416
082,010,423
082,221,435
082,378,437
082,058,457
082,475,459
082,344,465
082,124,472
082,216,472
082,442,485
082,278,496
082,163,500
082,478,503
083,216,005
083,382,005
083,145,009
083,361,008
083,280,025
083,221,046
083,115,053
083,166,061
083,046,062
083,070,072
083,198,073
083,111,079
083,022,082
083,239,092
083,085,096
083,126,105
083,253,118
083,229,133
083,055,135
083,109,137
083,206,145
083,189,150
083,127,236
083,198,241
083,052,243
083,281,248
083,095,264
083,189,278
083,304,278
083,326,278
083,146,280
083,073,283
083,391,287
083,341,299
083,090,309
083,128,321
083,149,321
083,164,324
083,100,347
083,310,358
083,333,361
083,206,365
083,334,365
083,100,370
083,376,373
083,026,375
083,157,374
083,358,378
083,325,382
083,179,384
083,256,389
083,118,390
083,281,392
083,319,404
083,348,404
083,423,413
083,378,415
083,011,423
083,220,433
083,375,437
083,058,457
083,478,461
083,343,463
083,217,470
083,125,472
083,441,484
083,278,495
083,162,500
083,257,506
084,148,003
084,382,004
084,220,007
084,361,008
084,138,015
084,279,024
084,219,047
084,115,052
084,167,061
084,048,062
084,240,064
084,069,073
084,197,074
084,112,077
084,022,079
084,238,091
084,085,096
084,128,104
084,253,116
084,230,131
084,055,134
084,109,137
084,206,143
084,188,150
084,127,236
084,198,241
084,052,242
084,278,249
084,096,264
084,304,277
084,326,276
084,189,278
084,147,280
084,072,283
084,392,286
084,338,297
084,090,311
084,149,320
084,128,322
084,164,323
084,100,348
084,311,358
084,206,365
084,335,364
084,373,367
084,100,369
084,024,373
084,157,373
084,356,375
084,324,380
084,180,384
084,118,389
084,255,389
084,280,393
084,317,403
084,346,402
084,425,411
084,378,414
084,011,422
084,221,432
084,373,436
084,058,457
084,342,461
084,479,460
084,218,468
084,122,470
084,442,484
084,280,493
084,160,499
084,256,504
084,337,508
085,147,003
085,382,004
085,363,007
085,220,011
085,285,017
085,137,019
085,273,030
085,218,049
085,113,051
085,167,061
085,048,063
085,234,064
085,066,074
085,197,076
085,111,079
085,023,080
085,239,092
085,085,095
085,129,103
085,255,115
085,236,117
085,230,130
085,052,133
085,108,132
085,206,144
085,188,149
085,127,237
085,197,239
085,051,242
085,279,250
085,096,265
085,327,277
085,146,279
085,189,279
085,302,279
085,072,284
085,396,287
085,337,300
085,091,313
085,148,314
085,128,321
085,164,323
085,100,348
085,307,358
085,335,361
085,205,364
085,370,366
085,101,370
085,025,372
085,157,374
085,356,375
085,323,378
085,181,384
085,119,389
085,255,388
085,276,394
085,316,403
085,346,402
085,425,408
085,380,416
085,011,422
085,221,430
085,370,435
085,059,457
085,344,461
085,480,461
085,219,465
085,122,469
085,440,482
085,279,493
085,159,497
085,256,502
086,147,005
086,384,004
086,363,008
086,220,017
086,285,020
086,135,024
086,272,031
086,114,051
086,217,051
086,048,063
086,168,062
086,233,062
086,065,076
086,024,079
086,196,078
086,112,081
086,238,091
086,085,096
086,130,104
086,237,116
086,254,116
086,109,128
086,230,130
086,050,133
086,205,145
086,189,150
086,127,238
086,198,240
086,051,243
086,277,251
086,096,265
086,145,279
086,189,279
086,331,278
086,302,281
086,073,284
086,399,288
086,333,303
086,090,315
086,149,318
086,128,322
086,164,324
086,103,350
086,304,359
086,333,359
086,204,365
086,025,371
086,367,371
086,101,372
086,157,375
086,321,376
086,352,378
086,183,385
086,254,388
086,118,390
086,274,397
086,346,403
086,315,405
086,426,406
086,381,417
086,011,423
086,220,430
086,367,435
086,061,458
086,343,460
086,480,462
086,219,465
086,122,469
086,436,483
086,280,494
086,157,498
086,255,502
087,144,002
087,383,004
087,362,006
087,221,021
087,284,020
087,134,028
087,270,031
087,112,050
087,216,051
087,050,063
087,168,062
087,062,076
087,024,078
087,195,079
087,112,082
087,238,090
087,085,095
087,132,100
087,237,114
087,255,114
087,109,127
087,230,129
087,049,132
087,206,145
087,189,149
087,126,237
087,198,239
087,051,242
087,277,252
087,095,264
087,145,279
087,188,279
087,333,279
087,301,281
087,073,284
087,401,289
087,330,304
087,091,315
087,149,316
087,509,321
087,128,322
087,164,323
087,101,351
087,305,358
087,334,358
087,205,365
087,024,370
087,102,373
087,367,372
087,158,375
087,259,374
087,320,374
087,351,379
087,185,387
087,255,388
087,119,390
087,273,398
087,345,401
087,314,405
087,426,404
087,381,417
087,011,422
087,219,428
087,366,434
087,006,447
087,063,459
087,343,458
087,480,460
087,122,467
087,220,466
087,439,480
087,281,493
087,156,495
087,254,501
088,383,004
088,145,006
088,362,007
088,224,023
088,284,024
088,267,031
088,133,032
088,112,050
088,214,052
088,051,063
088,169,062
088,025,077
088,061,076
088,194,081
088,112,082
088,238,090
088,086,096
088,133,098
088,257,109
088,238,113
088,110,126
088,230,127
088,048,132
088,206,145
088,190,149
088,126,238
088,199,238
088,050,242
088,275,252
088,095,264
088,146,279
088,189,279
088,334,280
088,300,282
088,072,284
088,403,290
088,328,306
088,092,317
088,149,317
088,128,322
088,165,323
088,102,352
088,304,357
088,335,357
088,204,364
088,023,371
088,319,371
088,260,372
088,368,373
088,103,374
088,159,376
088,351,377
088,188,388
088,255,388
088,120,391
088,271,398
088,344,402
088,426,402
088,313,405
088,381,418
088,011,422
088,221,427
088,364,433
088,008,448
088,343,454
088,065,459
088,480,459
088,219,465
088,124,467
088,436,485
088,281,493
088,155,495
088,253,499
088,486,503
089,383,004
089,144,008
089,362,008
089,226,022
089,283,026
089,264,033
089,222,034
089,134,037
089,111,050
089,213,053
089,052,063
089,169,062
089,060,077
089,026,078
089,110,083
089,194,082
089,237,091
089,085,095
089,133,097
089,256,106
089,238,112
089,110,126
089,230,128
089,046,132
089,206,145
089,189,149
089,126,238
089,199,239
089,047,242
089,275,253
089,094,265
089,145,279
089,299,280
089,189,280
089,338,282
089,072,285
089,406,292
089,327,307
089,091,318
089,148,319
089,128,323
089,165,323
089,102,354
089,299,358
089,334,358
089,202,365
089,024,369
089,318,371
089,102,375
089,361,374
089,159,377
089,374,377
089,190,388
089,253,388
089,119,392
089,270,398
089,343,400
089,428,401
089,311,404
089,382,419
089,010,422
089,222,427
089,362,433
089,012,450
089,344,453
089,480,457
089,067,460
089,218,465
089,125,467
089,439,480
089,281,493
089,152,495
089,253,498
089,486,502
